%YAML:1.0
---

Tbc: !!opencv-matrix
   rows: 4
   cols: 4
   dt: f
   data: [-0.01078808,-0.0053516,-0.99992749,-0.0190819,0.99993588,0.0033851,-0.01080629,-0.04077015,0.00344269,-0.99997995,0.00531474,0.10690639,0.,0.,0.,1.]

# IMU noise 连续的

#imu parameters       The more accurate parameters you provide, the better performance
IMU.NoiseGyro: 0.0014006108167209043   # [ rad / s / sqrt(Hz) ]   ( gyro "white noise" ) 连续的
IMU.NoiseAcc: 0.022705341628918071  
IMU.GyroWalk: 0.000050477689654109284
IMU.AccWalk: 0.00071342588229465884
IMU.Frequency: 190
g_norm: 9.7964     # gravity magnitude
